240 
271 
104 
131 
283 
163 
84 
117 
32 
316 
180 
60 
190 
269 
484 
218 
122 
388 
442 
36 
480 
145 
202 
460 
443 
107 
120 
389 
392 
171 
25 
452 
401 
33 
260 
203 
120 
387 
252 
482 
56 
11 
259 
3 
132 
245 
363 
207 
488 
459 
300 
255 
407 
251 
330 
94 
69 
144 
189 
176 
42 
195 
226 
362 
291 
228 
159 
156 
8 
280 
98 
235 
135 
460 
480 
469 
387 
198 
328 
198 
244 
414 
402 
433 
372 
270 
45 
149 
204 
166 
134 
476 
198 
76 
440 
361 
286 
397 
213 
405 
